10,24
10,142
10,194
10,212
10,174
10,84
10,2
10,3
9,7
9,2
9,3
8,10
8,15
8,9
8,14
8,2
8,3
69,5
69,4
69,3
69,2
69,1
69,0
67,3
67,2
67,1
67,0
66,2
66,0
65,4
65,3
65,2
65,1
65,0
64,3
64,2
64,1
64,0
62,4
62,3
62,1
33,3
33,1
21,3
21,1
20,3
20,2
20,1
19,3
19,2
19,1
18,3
18,1
14,3
14,1
13,3
13,1
12,3
12,2
12,1
11,29
11,28
11,27
11,26
11,25
11,24
11,23
11,22
11,21
11,20
11,19
11,18
11,17
11,16
11,15
11,14
11,13
11,12
11,11
11,10
11,9
11,8
11,7
11,6
11,5
11,4
11,3
11,2
11,1
10,311
10,306
10,295
10,292
10,288
10,284
10,277
10,275
10,273
10,270
10,269
10,268
10,267
10,266
10,265
10,263
10,262
10,257
10,256
10,254
10,253
10,251
10,250
10,247
10,243
10,208
